170.06	-61.08	0.00203666
-171.5333333	-60.2	0.008356546
-64.733	-58.683	0.0
-130.1166667	-58.0	0.01242236
-65.7	-57.767	0.0
-125.4	-57.067	0.0
-66.93333333	-56.83333333	0.042735043
-66.933	-56.833	0.049418605
162.603	-56.458666	0.000999001
-58.0917	-55.165	0.008580184
164.43	-54.04	0.002890173
-159.9833333	-54.01666667	0.013623978
169.99	-53.92	0.009049774
-58.8867	-53.765	0.015480499
-58.9033	-53.7367	0.015305609
169.87	-53.63	0.034883721
-58.9767	-53.6067	0.014583755
153.9833333	-53.4	0.006968641
169.2508333	-53.3336666	0.017982018
-59.0967	-53.33	0.009349678
-51.455	-53.2517	0.019365844
-61.58	-53.14	0.00639936
119.73	-53.04	0.0
119.73	-53.04	0.0
119.735	-53.038	0.004901961
165.41	-52.94	0.006993007
166.73	-52.42	0.0
-49.06666667	-52.16666667	0.00733945
166.39	-51.95	0.015981735
167.13	-51.93	0.027837259
167.83	-51.72	0.020715631
171.52	-51.7	0.016806723
-26.5333	-51.6683	0.001810683
-43.5	-51.51666667	0.009433962
135.85	-51.5	0.008438819
-26.2	-51.3733	0.005424955
-25.47	-51.1867	0.003301651
179.817	-51.1	0.0
129.9666667	-51.08333333	0.038910506
129.97	-51.08	0.016556291
105.99	-51.01	0.0
100.09	-50.85	0.0
-43.16666667	-50.78333333	0.03021148
-43.17	-50.78	0.03
-42.15	-50.77	0.025
-42.15	-50.76666667	0.022421525
-76.955	-50.657	0.004329004
171.39	-50.6	0.02259887
174.32	-50.52	0.069364162
-54.13	-50.43	0.023023023
-54.13333333	-50.41666667	0.023364486
-47.4	-50.38333333	0.012578616
-47.4	-50.38	0.004
5.7225	-50.158	0.000300933
-42.93333333	-50.1	0.014084507
100.22	-50.06	0.0
0.0593	-49.9993	0.000603379
-15.57	-49.92	0.004451039
-15.56666667	-49.91666667	0.005934718
168.93	-49.78	0.014164306
-177.99	-49.67	0.035616438
-47.55	-49.6	0.032967033
-47.57	-49.6	0.033
114.49	-49.5	0.0
-52.25	-49.5	0.013
94.83333333	-49.38333333	0.020408163
94.83	-49.38	0.0
94.832	-49.378	0.020134228
127.1166667	-49.33333333	0.022292994
127.12	-49.33	0.043636364
6.7063	-49.1343	0.000100422
110.18	-49.03	0.0
-12.697	-49.0128	0.005539598
174.98	-48.95	0.031700288
6.7148	-48.8997	0.00020145
-2.85	-48.6957	0.003623918
170.81	-48.67	0.053221289
114.483	-48.5	0.052823315
114.48	-48.5	0.0
149.1125	-48.499833	0.037037037
-113.283	-48.483	0.0
-114.3	-48.467	0.0
7.7572	-48.3182	0.000500651
90.25	-48.28	0.0
100.06	-48.24	0.0
-11.0395	-48.2323	0.000305126
137.65	-48.08333333	0.023738872
105.24	-48.03	0.0
114.49	-48.03	0.0
114.478	-48.008	0.052158273
95.04	-47.99	0.0
95.037	-47.988	0.026755853
95.03333333	-47.98333333	0.02247191
-120.533	-47.833	0.0
123.1	-47.77	0.06122449
90.24	-47.77	0.0229
123.1	-47.76666667	0.023529412
7.9973	-47.7505	0.008259407
-121.033	-47.617	0.0
-15.4167	-47.6167	0.036161475
114.433	-47.55	0.043859649
114.44	-47.55	0.0
114.14	-47.55	0.0
114.423	-47.533	0.041407867
73.93	-47.48	0.0
0.2896	-47.4023	0.004590506
100.13	-47.24	0.0
95.08333333	-47.13333333	0.037572254
95.08	-47.13	0.002
95.08	-47.128	0.037142857
174.08	-47.04	0.050955414
7.9662	-47.0227	0.005880564
-179.25	-47.01666667	0.06505102
110.13	-46.99	0.0
-76.6	-46.883	0.030172414
-5.7178	-46.8731	0.001210165
-123.017	-46.8	0.0
7.6118	-46.7701	0.020575289
-0.05	-46.75	0.029569892
-118.333	-46.717	0.0
171.5	-46.7	0.08
-113.567	-46.6	0.0
-177.92	-46.6	0.053941909
7.616666667	-46.6	0.025179856
7.625	-46.6	0.025089606
149.0835	-46.55333	0.054
149.082666	-46.553	0.069138277
125.5666667	-46.53333333	0.100346021
125.57	-46.53	0.085158151
61.03333333	-46.51666667	0.036649215
-15.3333	-46.5117	0.032954888
31.26666667	-46.5	0.069767442
-176.767	-46.5	0.0
100.05	-46.49	0.0
88.05	-46.48	0.0394
175.07	-46.47	0.030927835
145.24	-46.45	0.087628866
114.42	-46.45	0.0
114.417	-46.448	0.076923077
7.037	-46.3707	0.010389081
-76.667	-46.35	0.012121212
175.2333333	-46.35	0.025369979
175.2333333	-46.35	0.026258206
-76.538	-46.317	0.015555556
173.15	-46.2	0.0
-10.9	-46.13333333	0.008333333
-10.9	-46.13	0.00330033
105.03	-46.11	0.0
-13.23	-46.1	0.013661202
-13.21666667	-46.08333333	0.013623978
90.11	-46.07	0.052094791
44.367	-46.02	0.018421053
172.03	-46.0	0.083102493
119.88	-46.0	0.0
177.99	-45.99	0.057575758
175.06	-45.96	0.040123457
147.5141666	-45.948	0.036963037
145.99	-45.87	0.072847682
148.3666667	-45.75	0.073746313
-57.62	-45.67	0.084
-57.61666667	-45.66666667	0.096969697
100.12	-45.66	0.0
86.53	-45.59	0.046
156.54	-45.59	0.032225579
-119.8333333	-45.5	0.068535826
-124.017	-45.45	0.0
121.12	-45.42	0.052341598
121.1166667	-45.41666667	0.054131054
175.99	-45.39	0.033333333
-57.98	-45.32	0.055
147.918333	-45.304333	0.043
-57.96666667	-45.3	0.0651341
146.28	-45.15	0.072519084
146.28	-45.15	0.047191011
109.92	-45.11	0.0
179.5	-45.08	0.047770701
179.5	-45.08	0.048387097
114.35	-45.07	0.0
114.348	-45.037	0.013333333
177.06	-45.03	0.063953488
95.082	-45.022	0.047244094
95.08	-45.02	0.0
95.08333333	-45.01666667	0.044736842
45.767	-45.0	0.021680217
106.517	-44.883	0.080074488
106.45	-44.88	0.0
92.417	-44.77	0.035230352
92.58333333	-44.76666667	0.040106952
179.08	-44.69	0.035714286
70.96666667	-44.63333333	0.038610039
70.96666667	-44.63333333	0.038461538
173.42	-44.53	0.050793651
149.05	-44.53	0.038356164
179.5	-44.5	0.027522936
-6.633	-44.47	0.062015504
152.48	-44.47	0.012072435
-6.633333333	-44.46666667	0.067532468
-124.65	-44.383	0.0
-127.2333333	-44.35	0.121387283
174.98	-44.29	0.059375
-127.3333333	-44.21666667	0.123762376
-14.2283	-44.1533	0.037616611
-101.583	-44.15	0.0
-100.967	-44.133	0.0
-100.067	-44.1	0.0
143.7833333	-44.08333333	0.052197802
100.02	-44.07	0.003
-95.7	-44.067	0.0
143.47	-44.05	0.019114688
93.88333333	-44.03333333	0.020249221
114.36	-43.98	0.0
114.368	-43.953	0.073217726
90.1	-43.89	0.0
-108.15	-43.8	0.0
46.2	-43.78	0.008658009
-104.467	-43.75	0.0
-107.6	-43.717	0.0
51.26666667	-43.63333333	0.005524862
51.267	-43.63	0.005181347
-108.3	-43.55	0.0
79.86666667	-43.51666667	0.038327526
79.84	-43.51	0.054545455
5.95	-43.48333333	0.063909774
-57.65	-43.46666667	0.025316456
167.698166	-43.335	0.1001001
105.55	-43.31	0.0
105.548	-43.308	0.043333333
46.2	-43.28333333	0.008695652
-3.25	-43.18	0.073170732
176.167	-43.117	0.0
-125.383	-43.117	0.0
57.35	-43.03333333	0.010948905
57.35	-43.03	0.008196721
-14.635	-42.9867	0.065575427
-20.86	-42.98	0.112112112
-20.85	-42.96666667	0.108552632
-97.08333333	-42.9	0.177514793
42.35	-42.88333333	0.050847458
8.9683	-42.8833	0.055639098
178.97	-42.85	0.037037037
176.91	-42.72	0.008928571
-82.183	-42.667	0.0
114.44	-42.59	0.002994012
-17.8	-42.58333333	0.094512195
-17.8	-42.58	0.091463415
179.5	-42.53	0.031496063
-172.01	-42.52	0.07358871
79.42	-42.5	0.080906149
100.03	-42.45	0.002
144.5667333	-42.4331666	0.081918082
144.62	-42.31	0.076246334
144.6707166	-42.30866	0.051
169.8705	-42.302	0.147852148
-125.833	-42.267	0.0
144.4715	-42.2408166	0.058941059
179.37	-42.23	0.015463918
94.89	-42.18	0.0
104.9	-42.01	0.0
-102.0	-42.0	0.104895105
105.1	-41.77	0.0
90.28	-41.72	0.034682081
-12.34	-41.69	0.082382892
-171.5	-41.58	0.086956522
114.13	-41.37	0.055319149
114.1333333	-41.36666667	0.059322034
-74.319	-41.297	0.001841621
-14.5	-41.2883	0.080159297
13.4812	-41.1353	0.050454403
101.4166667	-41.1	0.045454545
100.01	-41.02	0.006
100.012	-41.02	0.013333333
-20.36666667	-40.9	0.115044248
-20.38	-40.9	0.096
13.7378	-40.8078	0.063902743
94.64	-40.67	0.099980004
25.615	-40.6183	0.078040299
-55.17	-40.57	0.043043043
-55.16666667	-40.56666667	0.047619048
178.0	-40.4	0.01572327
180.0	-40.03	0.014492754
-178.5	-39.94	0.005681818
85.41	-39.89	0.0
75.05	-39.83333333	0.062378168
75.05	-39.83333333	0.001968504
-24.78333333	-39.81666667	0.101204819
111.3833333	-39.78333333	0.139158576
141.65	-39.78333333	0.052478134
167.75	-39.767	0.0
67.88333333	-39.73333333	0.042654028
67.88333333	-39.73333333	0.051162791
82.25	-39.71666667	0.106557377
-15.46666667	-39.66666667	0.05370844
24.58333333	-39.58333333	0.045722714
24.583	-39.58	0.045954046
83.72	-39.52	0.0
83.723	-39.515	0.033333333
104.3666667	-39.38333333	0.111111111
104.37	-39.38	0.09623431
163.08	-39.31	0.050454087
12.58333333	-39.26666667	0.007092199
13.5	-39.2	0.067251462
13.5	-39.2	0.066860465
82.17	-39.11	0.0
99.95	-39.0	0.004
29.93333333	-38.98333333	0.036789298
29.933	-38.98	0.038461538
97.97	-38.89	0.003
-83.35	-38.817	0.0
140.62	-38.57	0.098712446
140.6166667	-38.56666667	0.099773243
79.92	-38.55	0.005
79.9	-38.54	0.0
-168.08	-38.48	0.090080972
-88.033	-38.1	0.0
83.48333333	-38.03333333	0.082758621
83.483	-38.03	0.084210526
86.65	-37.98333333	0.094793057
-28.87	-37.87	0.054
-28.86666667	-37.86666667	0.066666667
71.53333333	-37.8	0.043327556
90.69	-37.65	0.006
103.1	-37.64	0.0
37.86666667	-37.63333333	0.030487805
37.867	-37.63	0.029891304
-3.587	-37.54	0.065934066
-3.583333333	-37.53333333	0.058365759
78.43333333	-37.31666667	0.064981949
177.36	-37.3	0.024169184
-10.1	-37.27	0.079
-10.08333333	-37.25	0.078167116
43.5	-37.15	0.01369863
43.5	-37.15	0.017006803
-137.0	-37.083	0.0
24.95	-37.05	0.047486034
-81.833	-37.05	0.0
25.11666667	-36.98333333	0.041791045
25.11666667	-36.98333333	0.040935673
21.7833	-36.955	0.009264078
177.44	-36.93	0.007481297
-13.15	-36.88333333	0.069478908
-13.15	-36.88	0.075
120.9	-36.75	0.028169014
120.9	-36.75	0.027972028
-16.86666667	-36.55	0.075471698
-137.4	-36.55	0.0
49.56666667	-36.5	0.028639618
49.56666667	-36.5	0.029850746
8.1	-36.5	0.086
8.083333333	-36.5	0.085308057
69.55	-36.48333333	0.071428571
69.55	-36.48	0.059925094
-137.25	-36.383	0.0
19.53333333	-36.33333333	0.027190332
25.28333333	-36.31666667	0.007425743
45.65	-36.21666667	0.01344086
-73.682	-36.167	0.020408163
-6.717	-36.15	0.049
-6.716666667	-36.15	0.0486618
166.07	-36.13	0.06003937
41.85	-36.12	0.012345679
118.7833333	-36.11666667	0.046632124
41.85	-36.11666667	0.011235955
90.21666667	-36.1	0.084452975
176.0	-36.033	0.0
15.91666667	-35.88333333	0.016393443
15.917	-35.88	0.015625
177.29	-35.85	0.024064171
18.1017	-35.8217	0.030497423
18.45	-35.78333333	0.044303797
73.6	-35.78333333	0.00304878
18.45	-35.78	0.021
-26.7633	-35.2067	0.045908184
35.53483333	-35.11976667	0.011227545
115.1	-35.06666667	0.021052632
-4.75	-34.95	0.046376812
-4.75	-34.95	0.045954046
67.583	-34.92	0.073954984
67.58333333	-34.91666667	0.060150376
84.13	-34.81	0.003
27.61666667	-34.8	0.019920319
-35.1	-34.72	0.065065065
-35.1	-34.7	0.064327485
28.1	-34.6	0.001937984
-79.5	-34.5	0.020527859
100.03	-34.5	0.011
-10.6	-34.45	0.064724919
54.21666667	-34.33333333	0.006756757
54.217	-34.33	0.010840108
113.9833333	-34.31666667	0.07641196
-3.483333333	-34.2	0.087128713
-3.4833	-34.2	0.083
-1.0	-34.0831	0.012
1.0	-34.06666667	0.03125
92.67	-34.03	0.009
167.54	-34.01	0.012133468
172.0	-34.0	0.0
171.0	-34.0	0.0
171.0	-34.0	0.0
97.54	-34.0	0.003
-13.83333333	-33.95	0.08137045
112.983	-33.8	0.13
112.98	-33.8	0.033088235
112.7666667	-33.78333333	0.036900369
-78.3	-33.7	0.0
91.93333333	-33.63333333	0.159722222
46.35	-33.63	0.031006959
32.1	-33.6	0.018404908
110.59	-33.58	0.062186056
-49.03	-33.57	0.023
-49.03333333	-33.56666667	0.023255814
12.58333333	-33.4	0.0175
89.13333333	-33.38333333	0.107407407
16.433	-33.35	0.034615385
16.43333333	-33.35	0.043478261
16.433	-33.35	0.037
16.433	-33.35	0.035714286
166.32	-33.32	0.01017294
-19.55	-33.25	0.039039039
-19.55	-33.25	0.043227666
168.7333333	-33.23333333	0.025495751
15.98333333	-33.23333333	0.041401274
15.983	-33.23	0.049822064
29.18333333	-33.21666667	0.006036217
15.0	-33.2	0.050898204
15.0	-33.2	0.054054054
-49.87	-33.15	0.005
-49.86666667	-33.15	0.007731959
168.44	-33.14	0.015120968
1.483333333	-33.1	0.079470199
1.483	-33.1	0.075
159.27	-33.09	0.0
110.55	-33.06666667	0.085714286
-18.72	-33.05	0.057
165.0333333	-33.05	0.002024291
-18.71666667	-33.05	0.056561086
2.833333333	-32.88333333	0.01980198
2.833	-32.88	0.019
47.6	-32.65	0.022222222
46.56666667	-32.43333333	0.033670034
160.45	-32.41666667	0.073634204
84.85	-32.38333333	0.064846416
84.85	-32.38	0.070707071
15.01666667	-32.33333333	0.042889391
15.017	-32.33	0.043
45.78333333	-32.26666667	0.02507837
113.9333333	-32.26666667	0.022857143
-26.73	-32.2	0.046
-26.73333333	-32.2	0.057636888
-20.17	-32.17	0.061
-20.16666667	-32.16666667	0.05800464
97.7	-32.15	0.103710371
36.01666667	-32.11666667	0.006472492
33.25	-32.1	0.002808425
100.3333333	-32.1	0.1108742
-2.816666667	-32.03333333	0.070769231
-2.817	-32.03	0.067
98.86666667	-32.0	0.136574074
-35.53333333	-31.98333333	0.009404389
-35.53	-31.98	0.006
54.1	-31.85	0.035714286
-28.665	-31.6667	0.063681592
-29.6567	-31.6617	0.031809145
83.81666667	-31.63333333	0.096837945
83.8	-31.63	0.091081594
97.71	-31.62	0.101973684
170.2166667	-31.61666667	0.0
-30.28333333	-31.6	0.043478261
-30.28	-31.6	0.041
-28.9033	-31.5883	0.057057057
114.12	-31.57	0.024734982
47.56816667	-31.56806666	0.02283105
114.1166667	-31.56666667	0.032258065
99.25	-31.53333333	0.10619469
37.65	-31.53333333	0.003311258
99.25	-31.53	0.111358575
114.3833333	-31.51666667	0.011764706
114.3833333	-31.51666667	0.011904762
-29.0983	-31.5133	0.014940239
-1.683	-31.37	0.021
-36.82	-31.35	0.013
-36.81666667	-31.35	0.015873016
-1.683333333	-31.35	0.023310023
114.55	-31.28333333	0.014545455
113.9333333	-31.26666667	0.02173913
48.08333333	-31.2	0.014742015
114.5333333	-31.1	0.027826445
57.41666667	-31.08333333	0.058823529
14.7	-31.06666667	0.023809524
82.85	-31.05	0.070769231
82.95	-31.05	0.07
114.589	-30.99	0.03264095
114.5833333	-30.98333333	0.035434339
58.16666667	-30.91666667	0.069970845
14.3467	-30.8683	0.010402719
45.55	-30.8	0.009986477
13.28333333	-30.58333333	0.041420118
13.283	-30.58	0.041420118
114.45	-30.57	0.016304348
114.45	-30.56666667	0.005291005
114.2666667	-30.5	0.014111007
11.55	-30.48	0.016
11.53333333	-30.46666667	0.021604938
-11.683	-30.45	0.0
13.55	-30.433	0.039911308
-15.8	-30.355	0.056
-15.8	-30.35	0.0578125
-15.8	-30.35	0.056
34.03333333	-30.3	0.002012072
91.71666667	-30.2	0.101234568
91.717	-30.2	0.108860759
3.0833	-30.1733	0.161161161
114.14	-30.08	0.006916996
114.1333333	-30.06666667	0.007028112
94.41666667	-30.06666667	0.135371179
44.81666667	-29.91666667	0.018726592
2.4067	-29.8383	0.033966034
79.56666667	-29.75	0.070967742
79.567	-29.73	0.06846473
32.86666667	-29.65	0.0
2.183	-29.53	0.027
9.583	-29.52	0.003
9.583	-29.52	0.002403846
2.183333333	-29.51666667	0.029972752
9.583333333	-29.51666667	0.002590674
-33.42	-29.42	0.035
-33.41666667	-29.41666667	0.035422343
-105.2333333	-29.36666667	0.057788945
105.2333333	-29.36666667	0.05707196
-105.2333333	-29.36666667	0.038387716
112.9485	-29.349	0.013779528
113.3666667	-29.33333333	0.021226415
112.9333333	-29.33333333	0.012903226
112.943	-29.296	0.041625372
43.93333333	-29.28333333	0.009287926
112.9333333	-29.28333333	0.045064378
113.55	-29.23333333	0.018126888
-45.46666667	-29.2	0.002695418
-34.56666667	-29.13333333	0.003452244
-34.5667	-29.1332	0.005
61.33333333	-29.08333333	0.054662379
49.55	-29.03333333	0.013468013
13.8283	-29.0	0.013953011
92.83333333	-28.88333333	0.095854922
92.833	-28.883	0.095360825
-41.03333333	-28.83333333	0.00619195
-41.03	-28.83	0.006
58.68333333	-28.8	0.005952381
172.6	-28.75	0.0
113.05	-28.75	0.017051153
172.6	-28.75	0.002695418
172.6	-28.75	0.002717391
112.78	-28.745	0.006942378
112.7666667	-28.73333333	0.007056452
113.3886	-28.717	0.029732408
113.3833333	-28.71666667	0.031813362
113.3666667	-28.71666667	0.013118063
-34.5	-28.7	0.012974052
-34.48333333	-28.68333333	0.015
-30.05	-28.58333333	0.00921659
-30.05	-28.58333333	0.00877193
-143.6666667	-28.56666667	0.067226891
-106.5	-28.48333333	0.031512605
172.36	-28.45	0.001015228
43.78333333	-28.43333333	0.003355705
112.2895	-28.42	0.011976048
112.2833333	-28.41666667	0.009844135
113.1595	-28.3925	0.022862823
113.15	-28.38333333	0.023834197
-13.15	-28.33333333	0.077441077
-13.15	-28.33	0.077
161.31	-28.16	0.0
158.13	-28.12	0.00101626
13.15	-28.08333333	0.014354067
95.967	-28.07	0.081699346
95.96666667	-28.06666667	0.07
95.183	-28.017	0.071186441
47.41666667	-28.01666667	0.003194888
47.41666667	-28.01666667	0.003076923
95.18333333	-28.01666667	0.085409253
-42.45	-27.95	0.038
-42.45	-27.95	0.03875969
-1.1	-27.87	0.038
-1.1	-27.86666667	0.044585987
47.58	-27.7	0.003948872
-20.32	-27.6	0.057
-20.3	-27.58333333	0.056722689
-123.4333333	-27.43333333	0.024539877
-123.4333333	-27.43333333	0.032549729
168.59	-27.37	0.00203252
112.0	-26.98333333	0.006006006
111.33	-26.979	0.011869436
111.3333333	-26.96666667	0.013274336
61.81666667	-26.93333333	0.007326007
-9.433	-26.58	0.016
-9.433333333	-26.56666667	0.016556291
5.0167	-26.5483	0.021084337
-115.7166667	-26.3	0.009779951
-115.7166667	-26.3	0.009592326
-10.6	-26.23333333	0.015197568
-10.62	-26.23	0.015
4.683333333	-26.2	0.030959752
4.683	-26.2	0.030969031
-174.37	-26.01	0.0
169.1833333	-26.0	0.002178649
169.2	-26.0	0.002150538
179.7333333	-26.0	0.011156187
169.1833333	-26.0	0.001529052
154.54	-26.0	0.0
154.9	-26.0	0.0
111.63	-25.996	0.003006012
111.6333333	-25.98333333	0.003045685
157.8666667	-25.88333333	0.0
4.1	-25.77	0.037
4.1	-25.76666667	0.039447732
-40.58333333	-25.68333333	0.0
87.11666667	-25.63333333	0.042328042
11.307	-25.49	0.0
11.3	-25.48333333	0.003484321
110.0166667	-25.48333333	0.01
70.4	-25.41666667	0.002710027
70.4	-25.41666667	0.014534884
69.845	-25.35117	0.046016823
69.48333333	-25.35	0.023333333
-12.77	-25.15	0.026
-12.76666667	-25.15	0.027160494
40.9	-25.11666667	0.0
5.4983	-25.045	0.04995005
-13.26666667	-24.96666667	0.025641026
6.725	-24.945	0.042
6.7883	-24.925	0.028056112
163.5166667	-24.88333333	0.0
163.5166667	-24.88333333	0.004056795
163.5166667	-24.88333333	0.000766871
163.5166667	-24.88333333	0.002512563
6.845	-24.8367	0.047952048
108.8166667	-24.83333333	0.011722272
-179.6833333	-24.76666667	0.0
-179.6833333	-24.76666667	0.0
-179.6833333	-24.76666667	0.0
108.4876	-24.747	0.015748031
111.829166	-24.7445	0.002991027
108.4833333	-24.73333333	0.016666667
111.8166667	-24.73333333	0.003009027
-4.767	-24.73	0.018
-4.75	-24.71666667	0.020151134
-154.75	-24.68333333	0.00867679
6.855	-24.5983	0.030938124
108.82	-24.5846	0.013039117
4.833	-24.57	0.022
4.833333333	-24.56666667	0.021645022
7.2833	-24.5117	0.046906188
7.1133	-24.4917	0.057768924
7.4383	-24.485	0.04491018
7.5367	-24.4733	0.03
-179.41	-24.46	0.000994036
108.51	-24.46	0.016798419
108.5	-24.45	0.018599562
70.51666667	-24.28333333	0.014705882
110.0	-24.23333333	0.007035176
-177.6	-24.23333333	0.00280112
-177.6	-24.23333333	0.0
-177.6	-24.23333333	0.00255102
7.417	-24.22	0.028
7.416666667	-24.21666667	0.028368794
-177.6	-24.2	0.002890173
159.03	-24.08	0.0
-15.12	-24.07	0.013
-15.11666667	-24.06666667	0.013257576
5.3067	-24.0333	0.032934132
-37.95	-23.97	0.0
-37.95	-23.95	0.0
108.3666667	-23.95	0.032448378
73.88333333	-23.93333333	0.010810811
108.53	-23.737	0.011988012
108.5166667	-23.73333333	0.011450382
107.7	-23.71666667	0.028028028
69.68333333	-23.68333333	0.017804154
-118.2333333	-23.61666667	0.003960396
37.85	-23.51666667	0.0
69.255	-23.3638	0.024257991
-16.53	-23.35	0.021
-16.51666667	-23.35	0.026627219
64.9	-23.05	0.007326007
64.9	-23.05	0.003610108
164.9666667	-23.0	0.001026694
112.83	-22.994	0.011928429
112.8166667	-22.98333333	0.012036108
7.0	-22.98333333	0.022922636
7.017	-22.98	0.025714286
64.95	-22.97	0.004801798
6.0267	-22.9133	0.036926148
66.3	-22.7	0.002857143
57.633	-22.4	0.002309469
57.63333333	-22.4	0.002386635
74.36666667	-22.38333333	0.005555556
11.2	-22.33333333	0.002793296
11.2	-22.33333333	0.002840909
68.0	-22.3	0.014705882
-115.2	-22.08333333	0.013192612
5.535	-22.0533	0.050949051
-23.95	-22.05	0.018
-23.95	-22.05	0.022613065
68.48333333	-21.98333333	0.029411765
68.483	-21.98	0.029661017
7.1018	-21.887	0.035
8.866666667	-21.88333333	0.0
10.8	-21.83333333	0.003167899
10.8	-21.83	0.003067485
69.23333333	-21.8	0.006116208
5.4298	-21.72	0.075848303
68.68333333	-21.68333333	0.002949853
5.0317	-21.6017	0.083832335
6.3	-21.43333333	0.021108179
112.8	-21.42	0.0
112.8	-21.41666667	0.0
172.14	-21.41	0.0
167.23	-21.41	0.0
-81.436	-21.359	0.053941909
-8.95	-21.33333333	0.030588235
3.3217	-21.1867	0.012987013
7.7786	-21.0768	0.029
65.93333333	-21.03333333	0.00872093
35.93	-21.0	0.00016239
112.989	-20.997	0.009027081
35.85	-20.99	0.004135649
112.9833333	-20.98333333	0.009081736
35.96	-20.98	0.0
8.1	-20.9798	0.011940299
35.75	-20.97	0.001298701
-174.4333333	-20.96666667	0.0
-81.499	-20.878	0.018003273
-81.499	-20.878	0.018003273
86.35	-20.65	0.016528926
68.46666667	-20.61666667	0.002386635
63.53333333	-20.58333333	0.0
167.5666667	-20.58333333	0.0
63.533	-20.58	0.0
-32.7	-20.17	0.006
-32.68333333	-20.15	0.005405405
9.1777	-20.0993	0.002994012
112.66	-20.045	0.0
112.65	-20.03333333	0.0
37.0666	-20.0	0.0
36.7166	-20.0	0.0
41.6	-19.92	0.005208333
41.6	-19.91666667	0.002590674
36.58	-19.89	9.3e-05
112.2166667	-19.88333333	0.0
36.6683	-19.7766	0.0
8.883	-19.7	0.0
8.883333333	-19.7	0.0
9.1377	-19.6558	0.001
37.9166	-19.64333	0.0
36.925	-19.6166	0.0
110.5066	-19.41	0.002970297
110.5	-19.4	0.003205128
-11.43333333	-19.36666667	0.009975062
36.93	-19.33	0.001167542
37.016666	-19.33	0.000395883
37.4066	-19.2633	0.0
38.17	-19.19	0.0
37.9216	-19.0933	0.0
112.75	-19.06666667	0.0
37.9333	-19.0066	0.003361345
116.39	-18.96	0.0
116.3833333	-18.95	0.0
37.133333	-18.95	0.0
37.3916	-18.8583	0.0
113.97	-18.82	0.002985075
113.9666667	-18.81666667	0.003012048
37.26	-18.74	0.000610874
87.85	-18.68333333	0.00877193
87.85	-18.68333333	0.008726003
37.3933	-18.6116	0.0
37.23	-18.6	0.0
38.6333	-18.59	0.0
62.06666667	-18.35	0.003367003
114.9938	-18.245	0.004965243
114.9833333	-18.23333333	0.005005005
151.45	-18.2	0.0
118.0	-18.11666667	0.003
37.68	-18.05	0.0
-79.15	-18.0	0.0
37.77	-17.9016666	0.0
62.66666667	-17.8	0.003278689
62.0	-17.8	0.003215434
38.303333	-17.67333	0.009404389
-15.1	-17.67	0.002
176.0666667	-17.66666667	0.0
-15.1	-17.65	0.002336449
-136.7166667	-17.65	0.0
-5.183	-17.47	0.0
-5.183333333	-17.46666667	0.0
-35.97	-17.27	0.006
-35.96666667	-17.25	0.00591716
176.41	-17.24	0.0
152.33	-17.22	0.0
10.2417	-17.165	0.001002004
8.8966	-17.1502	0.000998004
-110.3833333	-17.01666667	0.001451379
-114.1833333	-17.0	0.0
-114.1833333	-17.0	0.002890173
-121.2	-16.93333333	0.001251564
113.3356	-16.91	0.002985075
115.5166667	-16.9	0.0
150.7833333	-16.51666667	0.0
40.861666	-16.44	0.0
174.05	-16.41666667	0.0
66.11666667	-16.35	0.0
40.19	-16.25	0.0
-5.733	-16.25	0.008
-5.733333333	-16.25	0.007952286
40.28	-16.12	0.0
40.29	-16.11	0.0
40.31	-16.11	0.0
155.0	-16.05	0.0
115.005	-16.009	0.0
41.31	-16.0	0.0
40.86166666	-15.966666	0.0
146.85	-15.91666667	0.002022245
41.29	-15.91	0.0
40.6	-15.9	0.0
148.7833333	-15.81666667	0.0
148.7833333	-15.81666667	0.0
154.7333333	-15.71666667	0.0
-9.4567	-15.675	0.000998004
46.31	-15.6	0.011627907
40.53	-15.6	0.0
40.61	-15.6	0.0
40.6	-15.6	0.000908472
40.63	-15.59	0.005679801
-17.07	-15.5383	0.004008016
-14.885	-15.5333	0.004965243
-11.5783	-15.53	0.0
-10.7283	-15.5283	0.000996016
-18.6867	-15.3533	0.002982107
-19.71666667	-15.33333333	0.011527378
-19.72	-15.33	0.006
41.45	-15.3	0.0
148.05	-15.28333333	0.001818182
41.35	-15.18	0.0
40.7	-15.15	0.0
-176.49	-15.15	0.002012072
40.65	-15.12	0.0
40.76	-15.12	0.0
41.17	-15.02	0.0
41.42	-15.0	0.000424809
70.2	-14.9	0.009950249
148.7	-14.5	0.0
-96.2	-14.1	0.002915452
-96.2	-14.1	0.00295858
62.5	-14.03333333	0.0
62.5	-14.03333333	0.0
121.026	-14.00916	0.0
121.0166667	-14.0	0.0
122.0166667	-13.91666667	0.0
59.68333333	-13.68333333	0.004444444
59.68333333	-13.68333333	0.004504505
-105.0	-13.68	0.003401361
65.617	-13.22	0.0
56.63333333	-13.15	0.0
-24.68333333	-13.06666667	0.006593407
103.6666667	-12.88333333	0.003787879
146.2	-12.86666667	0.0
146.2	-12.86666667	0.0
59.872	-12.85	0.002840909
-6.185	-12.8183	0.003
-9.817	-12.67	0.0
48.58	-12.65	0.0
174.01	-12.59	0.001012146
71.88333333	-12.46666667	0.0
153.85	-12.41666667	0.0
153.35	-12.41666667	0.0
152.85	-12.41666667	0.0
9.033	-12.32	0.0
62.83333333	-12.26666667	0.003649635
110.4283	-12.24	0.003009027
110.4166667	-12.23333333	0.003083248
114.454	-12.086	0.0
114.45	-12.08333333	0.0
-15.55	-11.6	0.0
58.76906666	-11.2071	0.0
-35.65	-11.15	0.0
-35.63333333	-11.13333333	0.0
175.4166667	-10.75	0.0
41.56666667	-10.35	0.002227171
-34.4	-9.75	0.003322259
-34.4	-9.75	0.003236246
-34.25	-9.55	0.0
-34.25	-9.55	0.0
-10.61	-9.142	0.0
-10.6	-9.133333333	0.0
-14.28	-8.767	0.0
-14.28333333	-8.766666667	0.0
154.583	-8.067	0.0
154.5833333	-8.066666667	0.0
154.5833333	-8.066666667	0.0
-1.517	-7.833	0.0
-14.6	-7.75	0.0
-14.61	-7.75	0.003194888
-14.6	-7.75	0.0
41.18333333	-6.683333333	0.0
10.3167	-6.5667	0.027750248
89.01666667	-6.416666667	0.000774593
90.6	-6.366666667	0.0
89.96666667	-6.2	0.0
89.8	-6.166666667	0.0
-30.58	-6.117	0.0
-30.58333333	-6.116666667	0.002747253
89.63333333	-6.1	0.0
-131.6	-6.033	0.0
102.45	-5.966666667	0.0
56.28	-5.95	0.0
-10.75	-5.7783	0.000998004
53.95	-5.57	0.0
63.71666667	-5.566666667	0.003875969
63.71666667	-5.566666667	0.0
166.75	-5.5	0.0
166.75	-5.5	0.0
-10.2033	-5.285	0.001998002
42.15	-5.02	0.0
-15.73333333	-4.883333333	0.0
-15.73	-4.883	0.0
55.76	-4.76	0.0
41.38	-4.7	0.0
168.0333333	-4.516666667	0.0
-10.2533	-4.3283	0.0
64.817	-4.3	0.005434783
-34.63333333	-4.233333333	0.0
40.01	-4.13	0.0
40.49	-4.07	0.0
-94.15	-3.78	0.005555556
54.96	-3.73	0.003039514
53.53	-3.57	0.0
-16.43333333	-3.3	0.002469136
-16.43	-3.3	0.002997003
67.71666667	-2.833333333	0.0
66.3	-2.833	0.0
61.203	-2.807	0.0
-130.4833333	-2.683333333	0.0
129.65	-2.516666667	0.0
-90.52	-2.392	0.0
90.13333333	-2.283333333	0.0
43.71	-2.27	0.0
-90.52	-2.24	0.0
-9.8733	-2.1733	0.004
-139.7166667	-1.983333333	0.0
-12.557	-1.76	0.006
-12.4283	-1.665	0.000999001
43.02	-1.63	0.0
-34.63333333	-1.55	0.0
-11.78	-1.517	0.0
-27.0167	-1.5	0.0
-11.78333333	-1.5	0.0
-27.01666667	-1.5	0.0
42.55	-1.5	0.0
-11.9733	-1.34	0.002002002
42.15	-1.32	0.0
-10.725	-1.1633	0.001996008
-9.3917	-0.9495	0.007007007
163.2666667	-0.916666667	0.00070373
163.2666667	-0.916666667	0.000844595
-26.0333	-0.7667	0.0
-26.0333	-0.7667	0.004938272
-26.03333333	-0.766666667	0.0
69.45	-0.633	0.0
-17.27	-0.533	0.002
-17.27	-0.533	0.002074689
-86.31666667	-0.416666667	0.0
46.5	-0.41	0.0
-147.5666667	-0.25	0.0
6.0183	-0.2283	0.007992008
5.9683	-0.215	0.00499002
-24.1667	-0.05	0.0
-9.96	-0.0117	0.008
46.05	0.0	0.0
45.81	0.29	0.0
-14.8	0.3	0.0
-14.8	0.3	0.0
-14.8	0.3	0.0
45.58	0.55	0.0
-21.78333333	0.583333333	0.003267974
-21.7833	0.6	0.003
-9.2633	0.6017	0.000996016
-9.6833	0.6217	0.0
-15.5117	0.8133	0.002991027
45.04	0.94	0.0
-11.1533	0.9867	0.003003003
149.2	1.266666667	0.0
44.97	1.32	0.005972378
-9.083333333	1.416666667	0.0
44.62	1.5	0.0
164.8166667	1.633333333	0.0
-16.05	1.75	0.0
-16.05	1.75	0.0
-25.43	1.783	0.0
-25.43333333	1.783333333	0.0
-11.1333	1.79	0.0
67.34	1.9	0.0
-37.23333333	1.966666667	0.0
-37.07	1.967	0.0
-5.25	2.0	0.0
141.3	2.066666667	0.0
-35.6	2.1	0.0
-35.1817	2.205	0.0
57.8	2.23	0.0
-33.0067	2.2733	0.000999001
-31.2867	2.2883	0.0
-30.6483	2.31	0.0
6.0548	2.6718	0.0
48.0	2.78	0.0
127.3666667	2.95	0.0
-22.0217	3.0217	0.0
47.78	3.03	0.0
-11.8	3.05	0.002597403
47.31	3.1	0.0
-46.3433	3.1783	0.0
-101.72	3.33	0.0
47.3	3.37	0.0
-20.12	3.383	0.002666667
-7.722	3.705	0.005934718
-41.6217	3.815	0.0
-41.6833	4.025	0.0
83.33333333	4.283333333	0.0
-41.8283	4.3117	0.001996008
-43.48333333	4.35	0.0
-43.41666667	4.35	0.0
-43.3367	4.4967	0.0
85.1185	4.507333333	0.0
-43.38333333	4.566666667	0.0
-41.935	4.5917	0.0
-20.91666667	4.666666667	0.0
-20.92	4.667	0.0
-43.15	4.7	0.0
-41.9333	4.705	0.0
-36.5117	4.7267	0.0
-20.9417	4.7333	0.005982054
-43.75	4.733333333	0.0
-90.93333333	4.75	0.002178649
-43.05	4.75	0.0
-43.06666667	4.75	0.0
-43.45	4.766666667	0.0
-43.3	4.766666667	0.0
-43.48333333	4.783333333	0.0
-43.33333333	4.8	0.0
-43.31666667	4.85	0.0
-43.2	4.866666667	0.0
-42.98333333	4.866666667	0.0
-43.03333333	4.883333333	0.0
-43.13333333	4.9	0.0
-43.05	4.916666667	0.0
-42.88333333	4.95	0.0
-42.91666667	4.95	0.0
-45.97	4.967	0.0
-42.75	5.0	0.0
-42.78333333	5.0	0.0
113.5833333	5.033333333	0.0
-42.73333333	5.033333333	0.0
-35.2417	5.0433	0.0
-26.65	5.1	0.0
-22.865	5.27	0.001
-17.0667	5.2833	0.003289474
-17.06666667	5.283333333	0.003952569
-33.03333333	5.316666667	0.0
-33.03	5.317	0.0
-34.025	5.3333	0.0
-22.055	5.335	0.001996008
-44.06666667	5.383333333	0.017605634
60.25	5.39	0.0
-21.72	5.3917	0.002994012
-46.9267	5.4317	0.0
-44.08333333	5.566666667	0.0
-19.983	5.617	0.0
-44.76666667	5.666666667	0.0
-19.8517	5.67	0.000999001
49.14	5.67	0.0
-44.71666667	5.7	0.0
-44.73333333	5.7	0.0
49.66	5.73	0.0
-44.63333333	5.783333333	0.0
-44.58333333	5.833333333	0.0
-44.58333333	5.833333333	0.0
-44.93333333	5.866666667	0.0
-44.5	5.883333333	0.0
-44.46666667	5.966666667	0.0
-44.96666667	5.983333333	0.0
-44.08333333	6.0	0.0
-18.23333333	6.016666667	0.0
-18.25	6.033	0.0
-18.25	6.033	0.0
-44.08333333	6.033333333	0.0
-44.08333333	6.116666667	0.0
59.43333333	6.116666667	0.0
112.55	6.157	0.0
-44.08333333	6.216666667	0.0
111.22	6.55	0.0
76.36666667	6.583333333	0.002141328
-12.25	6.967	0.0
76.7666	7.0666	0.0
79.42633333	7.068166667	0.0
-20.4717	7.3433	0.003996004
114.55	7.45	0.0
78.0	7.5833	0.0
109.3	7.7	0.0
116.4166667	7.7	0.0
76.04	7.78	0.0
116.17	7.82	0.0
76.48	7.98	0.0
51.21	8.0	0.0
50.8	8.0	0.0
50.8	8.13	0.0
-37.87	8.233	0.0
-37.86666667	8.233333333	0.0
75.9	8.41	0.0
50.53	8.43	0.0
-30.13333333	8.466666667	0.0
-30.133	8.4667	0.0
-30.13	8.467	0.0
-30.13	8.467	0.0
110.5	8.5	0.0
116.95	8.75	0.0
73.68	8.77	0.0
-22.12	8.8	0.0
-22.1	8.8	0.0
-20.85	8.91	0.0
-16.9467	8.9833	0.001002004
-17.0	9.0783	0.002994012
115.133	9.183	0.0
-42.98333333	9.316666667	0.0
-43.0	9.317	0.0
114.017	9.333	0.0
113.733	9.483	0.0
-19.8933	9.5133	0.0
-19.8433	9.56	0.0
-19.1067	9.5667	0.0
-18.18	9.567	0.0
75.42	9.6	0.0
-19.3983	9.865	0.0
-16.74	9.8917	0.0
-17.8683	9.9217	0.0
-17.5333	9.9283	0.0
-22.3583	9.9667	0.000997009
116.5833333	10.01666667	0.0
-19.3033	10.0183	0.0
-76.96	10.032	0.0
-76.95	10.03333333	0.001865672
115.56	10.12	0.0
-77.22	10.183	0.0
-77.22	10.183	0.0
-77.2	10.18333333	0.0
109.5333333	10.2	0.0
117.967	10.333	0.0
75.36	10.48	0.0
-57.33333333	10.55	0.0
-79.35	10.6	0.0
-169.8	10.65	0.0
53.5235	10.6895	0.0
-65.2	10.7	0.0
74.24	10.74	0.0
51.57733333	10.77866667	0.0
51.658	10.78283333	0.0
51.7705	10.78783333	0.0
52.24933333	10.804	0.0
52.12933333	10.81166667	0.0
115.31	10.898	0.0
51.94416667	10.91566667	0.0
-81.15	10.983	0.0
-81.15	10.98333333	0.0
118.48	10.99	0.0
-34.16666667	11.0	0.0
117.4	11.0	0.0
118.4833333	11.0	0.0
138.5333333	11.06666667	0.000375375
-80.4	11.117	0.003225806
115.29	11.138	0.0
-36.01666667	11.18333333	0.002123142
-36.02	11.2	0.002
118.5	11.2	0.0
-78.15	11.25	0.002785515
-78.15	11.25	0.0
53.54	11.27	0.0
53.54	11.27	0.0
118.426	11.346	0.0
118.379	11.377	0.0
53.2	11.39	0.0
118.305	11.43	0.0
53.05	11.48	0.000872791
118.5	11.56666667	0.0
-80.75	11.6	0.0
-80.43	11.75	0.0
-81.1	11.767	0.0
118.3333333	11.88333333	0.0
-75.04	11.91	0.0
-75.03333333	11.91666667	0.0
111.383	11.917	0.0
118.2166667	11.93333333	0.0
-78.68333333	11.93333333	0.0
-61.1767	12.0317	0.0
63.15	12.05	0.0
-61.245	12.085	0.0
118.039	12.091	0.0
118.0666667	12.15	0.0
117.55	12.19	0.0
-76.63	12.25	0.00212766
-81.7	12.26666667	0.002074689
44.55	12.35833333	0.0
74.2	12.36666	0.0
-18.92	12.383	0.002057613
-18.92	12.383	0.003
-18.91666667	12.38333333	0.002398082
-77.76666667	12.4	0.002717391
-77.77	12.4	0.002849003
110.5	12.5	0.0
117.9333333	12.65	0.0
-45.63	12.75	0.0
-45.63333333	12.75	0.0
47.435	12.86166667	0.0
-74.85	12.88333333	0.0
-79.81666667	13.16666667	0.00310559
-79.83	13.178	0.003006012
-40.67	13.25	0.0
-40.667	13.25	0.0
-40.67	13.25	0.0
-40.66666667	13.25	0.0
48.78333333	13.31	0.0
50.295	13.49333333	0.0
-51.12	13.733	0.002380952
-51.12	13.733	0.003012048
-51.11666667	13.73333333	0.002386635
73.36	13.84	0.0
71.62	13.88	0.0
-72.37	13.933	0.0
-72.36666667	13.93333333	0.0
-74.88	14.0	0.003322259
-74.88333333	14.0	0.003333333
71.98	14.07	0.0
72.32	14.23	0.0
-75.58333333	14.26666667	0.004273504
72.58	14.31	0.0
57.35	14.32	0.0
142.7166667	14.36666667	0.0
-20.5668	14.376	0.007
72.83	14.38	0.0
-21.15	14.4	0.0
-21.15	14.4	0.0
-61.6617	14.41	0.0
73.23	14.42	0.0
72.9	14.42	0.0
64.56	14.44	0.0
-77.23	14.45	0.004889976
50.52	14.45	0.0
50.51666667	14.45	0.0
-77.23333333	14.45	0.004914005
113.0	14.5	0.0
111.9833333	14.51666667	0.0
144.85	14.517	0.001642036
51.74833333	14.54	0.0
52.92	14.605	0.0
-77.17	14.695	0.002673797
111.53	14.758	0.0
64.75	14.88	0.0
-78.75	14.88333333	0.0
-73.92	14.933	0.0
-73.91666667	14.93333333	0.0
54.37	14.97	0.0
111.0	15.0	0.0
112.0	15.01666667	0.0
66.1	15.03333333	0.0
-75.95	15.06666667	0.0
54.63333333	15.26666667	0.0
-77.95	15.31666667	0.002293578
-43.4	15.4	0.004535147
113.8166667	15.41666667	0.0
-61.2317	15.455	0.000500902
-40.52	15.483	0.003225806
-40.51666667	15.48333333	0.003194888
113.0	15.5	0.0
110.9833333	15.5	0.0
113.5	15.5	0.0
72.55	15.5	0.0
111.9833333	15.51666667	0.000922509
68.76	15.52	0.0
-42.95	15.53333333	0.002624672
41.66866	15.556	0.0
68.57	15.56	0.0
-71.66666667	15.61666667	0.003154574
-71.67	15.617	0.003225806
-74.79	15.857	0.0
70.02	15.88	0.0
148.433	15.983	0.004263094
113.75	16.0	0.000592417
112.0	16.0	0.0
113.0166667	16.01666667	0.00081103
-20.6298	16.02	0.003
111.0	16.03333333	0.0
113.9	16.05	0.0
59.68333333	16.09	0.0
112.9	16.093	0.002898551
-74.45	16.13333333	0.007604563
59.77	16.17	0.0
59.77	16.175	0.0
-20.425	16.2383	0.0
113.41	16.288	0.0
59.73	16.32	0.0
-62.0	16.4217	0.001617632
-20.117	16.45	0.006410256
113.0	16.5	0.0
110.9833333	16.5	0.0
55.33166667	16.53166667	0.0
-28.85	16.533	0.005030181
-28.85	16.533	0.004683841
-28.85	16.53333333	0.004608295
145.8333333	16.53333333	0.0
-79.51666667	16.56666667	0.002597403
114.05	16.58333333	0.0
-20.45	16.6	0.0
-46.13333333	16.65	0.0
111.9833333	16.66666667	0.0
114.9	16.708	0.002941176
-75.45	16.71666667	0.0
-78.61	16.755	0.0
-79.1317	16.8933	0.0
-79.0183	16.9133	0.0
-20.05	16.983	0.0
110.9833333	17.0	0.0
-74.4	17.0	0.0
-74.38333333	17.0	0.0
115.9833333	17.0	0.0
-71.23	17.033	0.003236246
-76.6	17.033	0.002688172
114.05	17.03333333	0.0
-76.23333333	17.03333333	0.0
-66.0017	17.0433	0.001112122
69.05	17.08	0.0
-19.33333333	17.11666667	0.002457002
-35.83	17.2	0.008008008
-35.83	17.2	0.007371007
-35.83333333	17.2	0.009638554
-48.41666667	17.26666667	0.0
-48.42	17.267	0.0
71.02	17.31	0.0
115.17	17.348	0.0
40.01966	17.357	0.0
70.58	17.38	0.0
57.96	17.45	0.0
-40.67	17.483	0.009090909
-40.66666667	17.48333333	0.009433962
110.5166667	17.5	0.0
111.0	17.5	0.0
-67.0433	17.5083	0.0
111.9833333	17.51666667	0.0
113.0	17.51666667	0.001002004
-22.6	17.5498	0.007
-63.56666667	17.55	0.0
-63.57	17.567	0.0
-65.37	17.575	0.0
-65.6817	17.6033	0.0023527
143.067	17.667	0.00118624
57.87	17.67	0.0
-65.435	17.6717	0.000404163
57.75	17.69	0.0
57.63333333	17.71666667	0.0
71.07	17.72	0.0
57.68	17.73	0.0
65.7495	17.7498333	0.0
58.15	17.75	0.0
57.5	17.83	0.0
-63.7367	17.8417	0.0
-174.3166667	17.86666667	0.0
-79.145	17.9267	0.000606612
-65.67	17.93	0.00260521
-50.35	17.933	0.002994012
-50.35	17.93333333	0.002949853
-63.4517	17.9933	0.0
111.5833333	18.0	0.0
113.0	18.01666667	0.0
-64.1633	18.0317	0.001406894
113.78	18.127	0.0
57.68333333	18.21666667	0.0
-21.0798	18.2198	0.003
57.55	18.26666667	0.0
119.75	18.27	0.014354067
-63.6267	18.305	0.0
-63.45	18.315	0.0
69.66	18.36	0.0
-24.5698	18.3998	0.005
-21.083	18.433	0.002008032
-21.08	18.433	0.002030457
-21.08333333	18.43333333	0.002136752
115.5	18.5	0.0
114.0	18.5	0.0
113.0	18.5	0.0
113.64	18.658	0.0
-25.35	18.7198	0.012
70.15	18.72	0.0
58.79	18.74	0.0
112.7666667	18.75	0.0
-64.09	18.9333	0.0080491
113.55	18.95	0.0
115.0	19.0	0.0
113.5	19.0	0.0
112.5	19.0	0.0
-19.93	19.037	0.0
-170.0666667	19.08333333	0.024064171
60.61	19.15	0.0
114.2	19.18	0.0
66.29	19.193	0.0
112.25	19.25	0.0
113.2	19.33	0.001322751
90.00083333	19.38	0.0
69.18	19.39	0.0
-78.55	19.4	0.0
-78.55	19.4	0.0
69.23	19.44	0.0
-29.8933	19.455	0.01998002
115.4833333	19.48333333	0.0
114.0	19.5	0.0
58.43	19.5	0.0
111.9833333	19.5	0.0
116.0	19.5	0.0
69.5833	19.5333	0.0
-27.4698	19.5798	0.008946322
71.07	19.6	0.0
65.83	19.62	0.0
66.42	19.63	0.0
70.0	19.7833	0.0
-19.91666667	19.86666667	0.002493766
-19.91666667	19.86666667	0.004854369
-25.53	19.883	0.017142857
-25.53	19.883	0.017102616
-25.53333333	19.88333333	0.020114943
61.72	19.91	0.0
-73.833	19.917	0.0
114.9833333	20.0	0.0
115.9833333	20.0	0.0
116.9833333	20.0	0.0
66.85	20.03	0.0
-20.0	20.06666667	0.002710027
142.45	20.1	0.0
115.96	20.1	0.0
-26.61666667	20.16666667	0.027874564
89.843	20.191	0.0
67.15	20.33	0.0
115.78	20.333	0.0
-86.13333333	20.45	0.003058104
119.5	20.5	0.0
-29.45	20.53	0.020979021
-84.18333333	20.53333333	0.003076923
60.05	20.57	0.0
115.7	20.68	0.0
-31.45	20.7	0.016528926
-59.2	20.71666667	0.019753086
59.398	20.729	0.0
-59.2	20.7332	0.019900498
-157.9333333	20.78333333	0.0
91.26	20.89	0.0
63.12	20.91	0.0
149.9166667	20.91666667	0.009280742
-17.728	21.0	0.0
-115.0	21.02	0.023560209
-17.883	21.0217	0.0
61.49	21.04	0.0
-18.573	21.145	0.001
89.665	21.1683	0.0
67.75	21.22	0.0
-21.32	21.233	0.018
-21.31666667	21.23333333	0.018518519
120.5833333	21.26666667	0.000995718
-69.67	21.3	0.001926782
-69.67	21.3	0.001996008
-69.65	21.3	0.003846154
38.1	21.43	0.0
38.23	21.45	0.0
-157.2333333	21.46666667	0.0
-157.3833333	21.55	0.001628664
67.83	21.58	0.0
61.9	21.61	0.0
-17.9833	21.6667	0.0
-157.8166667	21.7	0.0
-95.83333333	21.71666667	0.0
64.6	21.78	0.0
121.0333333	21.83333333	0.0
121.2666667	21.83333333	0.0
121.1833333	21.83333333	0.0
121.55	21.91666667	0.0
119.5	21.91666667	0.0
59.8025	21.9328333	0.0
63.81	22.0	0.0
-94.83333333	22.08333333	0.008333333
120.0	22.08333333	0.0
64.87	22.12	0.0
66.34	22.13	0.0
63.08	22.2	0.0
121.5	22.21666667	0.0
120.0	22.25	0.0
63.59	22.26	0.0
37.76	22.28	0.0
121.4833333	22.28333333	0.0
121.5	22.28333333	0.0
121.2	22.33333333	0.0
121.1333333	22.35	0.0
120.9333333	22.35	0.0
-20.06666667	22.46666667	0.034136546
-20.07	22.467	0.033797217
-20.07	22.467	0.034412955
65.65	22.49	0.0
120.0	22.5	0.0
64.06	22.56	0.0
-72.6	22.6	0.007672634
-72.6	22.6	0.007653061
-96.33333333	22.61666667	0.002840909
59.69666	22.619333	0.0
66.82	22.64	0.0
-19.2	22.65	0.016666667
66.71	22.66	0.0
-25.33	22.697	0.0
121.5	22.71666667	0.0
67.07	22.72	0.0
66.19	22.73	0.0
67.29	22.75	0.0
121.5	22.75	0.0
67.06	22.79	0.0
62.0783333	22.805	0.0
66.9	22.88	0.0
-93.66666667	22.9	0.00617284
66.91	22.93	0.0
66.35	22.93	0.0
-91.6	22.93333333	0.0
-38.2	22.95	0.009823183
-38.2	22.967	0.009960159
121.3833333	23.01666667	0.0
-43.8	23.01666667	0.007130125
66.4	23.02	0.0
-43.8	23.033	0.022222222
-17.41	23.035	0.0
66.88	23.04	0.0
66.51	23.06	0.0
65.58	23.07	0.0
66.48	23.1	0.0
66.48	23.1	0.0
66.5	23.12	0.0
66.47	23.17	0.0
66.49	23.18	0.0
-17.66666667	23.18333333	0.0
66.61	23.19	0.0
66.64	23.22	0.0
66.67	23.24	0.0
66.71	23.28	0.0
36.707	23.307	0.0
-46.48	23.333	0.009287926
-46.48	23.333	0.008955224
-46.48333333	23.33333333	0.009259259
-43.65	23.36666667	0.006309148
-43.65	23.367	0.005982054
60.1	23.4	0.0
-95.53333333	23.4	0.002967359
65.88	23.42	0.0
-86.3	23.43333333	0.0
-92.48333333	23.45	0.004608295
66.89	23.47	0.0
-18.7167	23.4983	0.0
65.31	23.52	0.0
65.32	23.54	0.0
65.32	23.56	0.0
-92.13333333	23.58333333	0.002967359
64.22	23.59	0.0
64.22	23.59	0.0
63.81	23.6	0.0
-92.46666667	23.75	0.0
-92.47	23.767	0.0
124.45	23.82	0.0
-84.48333333	23.91666667	0.0
124.5	23.92	0.0
-75.75	23.9333	0.016348774
-75.75	23.9333	0.015904573
-75.75	23.93333333	0.016085791
126.1833333	23.95	0.001862197
126.35	23.98	0.0
124.42	24.02	0.0
126.28	24.03	0.0
-28.93	24.0498	0.048756219
-94.38333333	24.05	0.00297619
126.23	24.07	0.0
65.45	24.08	0.0
65.48	24.1	0.0
-19.1	24.11666667	0.029296875
-19.1	24.117	0.029
126.18	24.12	0.0
62.49	24.12	0.0
65.52	24.13	0.0
65.66	24.21	0.0
63.01	24.25	0.0
-53.07	24.283	0.01039501
63.02	24.3	0.0
62.45	24.31	0.0
125.93	24.32	0.0
-90.1	24.38333333	0.0
64.27	24.4	0.0
125.78	24.43	0.0
65.03	24.44	0.0
-16.95	24.5	0.032319392
-16.95	24.5	0.032258065
65.47	24.53	0.0
65.7	24.55	0.0
65.59	24.61	0.0
62.38	24.61	0.0
65.59	24.61	0.0
65.98	24.61	0.0
142.4666667	24.61666667	0.003333333
66.02	24.62	0.0
125.62	24.62	0.0
66.08	24.63	0.0
66.08	24.63	0.0
66.05	24.64	0.0
66.16	24.64	0.0
66.07	24.64	0.0
66.02	24.65	0.0
65.76	24.65	0.004054054
127.967	24.667	0.0
65.69	24.68	0.0
-84.65	24.68333333	0.0
64.25	24.69	0.0
65.74	24.75	0.0
65.77	24.75	0.0
123.97	24.75	0.0
36.59	24.76	0.0
65.8	24.78	0.0
65.82	24.78	0.0
65.82	24.78	0.0
62.35	24.78	0.0
65.82	24.78	0.0
64.31	24.78	0.0
-91.45	24.78333333	0.006993007
-75.9333	24.8	0.011661808
-75.91666667	24.8	0.011594203
65.92	24.81	0.0
64.33	24.81	0.0
65.92	24.83	0.0
65.91	24.83	0.0
-90.95	24.85	0.0
64.3	24.86	0.0
64.3	24.86	0.0
65.96	24.86	0.0
66.0	24.87	0.0
64.29	24.88	0.0
-17.2	24.88333333	0.012698413
63.88	24.89	0.0
66.07	24.89	0.0
-92.46666667	24.9	0.003184713
64.29	24.9	0.0
66.15	24.93	0.0
64.3	24.96	0.0
66.2	24.96	0.0
-28.93333333	24.96666667	0.029598309
-28.93	24.967	0.028
-28.93	24.967	0.028806584
65.23	25.04	0.0
-88.98333333	25.05	0.0
-17.33333333	25.15	0.005249344
126.9333333	25.16666667	0.0
127.65	25.17	0.0
-84.75	25.18333333	0.002659574
127.58	25.25	0.0
125.15	25.25	0.0
-91.36666667	25.28333333	0.00295858
127.47	25.33	0.0
-20.3298	25.45	0.048756219
135.75	25.5	0.000632911
35.605	25.51966666	0.0
-16.83333333	25.56666667	0.024742268
-16.83	25.567	0.024801587
127.4166667	25.6	0.0
-94.68333333	25.6	0.0
127.85	25.68	0.0
-90.73333333	25.68333333	0.003058104
-20.88333333	25.71666667	0.044
-19.51666667	25.71666667	0.023866348
-19.52	25.717	0.024727992
-20.88	25.717	0.043868395
127.5666667	25.73333333	0.0
34.8666666	25.74233333	0.0
-94.23333333	25.78333333	0.0
-19.2998	25.833	0.069
-19.3	25.83333333	0.068965517
-16.91666667	25.83333333	0.014989293
-17.55	25.88333333	0.004830918
135.333	25.9	0.009352037
-19.05	25.91666667	0.046908316
-19.05	25.917	0.048
-26.58	25.933	0.109375
-26.58333333	25.93333333	0.108433735
128.67	26.15	0.0
-89.41666667	26.3	0.0
-94.35	26.31666667	0.002557545
-14.9617	26.405	0.0
126.15	26.46666667	0.0
126.3333333	26.58333333	0.0
-15.15	26.6	0.033613445
35.04	26.76	0.0
35.14	26.78	0.0
-46.7	26.783	0.018348624
-50.83	26.783	0.042666667
-50.83333333	26.78333333	0.029612756
-46.68333333	26.78333333	0.018348624
142.9	26.8	0.00172117
-15.11	26.8383	0.0
-27.12	26.8717	0.010784314
35.43	26.88	0.0
-19.13333333	26.91666667	0.039351852
-19.13	26.917	0.03996004
128.95	26.97	0.0
-18.9867	27.005	0.0
-15.0883	27.0083	0.028942116
129.45	27.03	0.0
140.15	27.117	0.0
129.37	27.15	0.0
-91.55	27.15	0.003076923
-14.66	27.2033	0.017910448
129.68	27.38	0.0
-27.652	27.563	0.032032032
-27.6517	27.5633	0.031098154
-177.9833333	27.66666667	0.007594937
34.5913333	27.685333	0.0
141.367	27.85	0.0
-132.62	27.88	0.15408805
140.05	27.9	0.0
-43.63333333	27.91666667	0.029649596
-43.63	27.917	0.029569892
129.77	27.93	0.0
-47.77	27.933	0.06
132.567	27.95	0.0
-34.13333333	27.96666667	0.049217002
-34.13	27.967	0.044843049
-34.13	27.967	0.040877368
129.57	27.98	0.0
-38.783	28.0	0.043912176
-38.78333333	28.0	0.043583535
-88.98333333	28.0	0.003378378
127.33	28.01	0.0
-25.4683	28.16	0.060756972
-74.407	28.2464	0.059
-13.395	28.255	0.0
-176.95	28.3	0.004232804
-47.48333333	28.35	0.033057851
130.0	28.4	0.0
-25.812	28.408	0.035
-25.795	28.425	0.014312977
-25.795	28.425	0.014940239
139.967	28.433	0.006060606
-86.55	28.45	0.002150538
-65.05	28.483	0.052525253
-65.05	28.48333333	0.052313883
134.133	28.533	0.0
-46.35	28.56666667	0.043604651
-46.357	28.573	0.036889332
-25.315	28.58	0.037284895
130.933	28.65	0.0
131.0	28.7	0.0
-26.4567	28.7717	0.027938343
-26.457	28.772	0.029
130.67	28.87	0.0
-25.3998	28.8798	0.090818363
-41.4	29.01666667	0.035714286
-41.4	29.017	0.035476718
-11.97	29.083	0.011976048
-11.97	29.083	0.0
-11.97	29.083	0.005982054
-12.0867	29.1667	0.011881188
-79.92	29.283	0.0
-79.92	29.283	0.0
128.9	29.317	0.0
-24.7583	29.455	0.04766537
-19.62	29.483	0.014880952
-19.6	29.48333333	0.014749263
-25.23	29.5267	0.015825915
131.4166667	29.55	0.0
-36.91666667	29.61666667	0.04978355
-36.92	29.617	0.047826087
-16.35	29.65	0.041176471
133.2833333	29.76666667	0.00192123
-76.8	29.76666667	0.01552795
-76.8	29.7667	0.015
-15.08333333	29.8	0.03373494
-15.1	29.8	0.033653846
-43.21666667	29.81666667	0.048571429
137.967	29.85	0.0
-116.82	29.87	0.002824859
-73.5998	29.9755	0.106
-51.87	30.0	0.059183673
-51.86666667	30.0	0.058
131.47	30.1	0.0
-26.28	30.1298	0.062874251
-28.2967	30.2117	0.0
131.5	30.32	0.0
-11.69	30.447	0.0
-67.96666667	30.45	0.042671614
-75.91666667	30.51666667	0.057777778
-75.92	30.517	0.058058058
-24.4833	30.73	0.057526366
-75.31666667	30.73333333	0.057291667
-75.32	30.75	0.057
-74.4665	30.7598	0.077
-67.6667	30.7833	0.071713147
-67.6667	30.7833	0.079012346
-67.66666667	30.78333333	0.077889447
139.867	30.833	0.0
-21.17	31.093	0.031031031
-26.78	31.1	0.048514851
-26.78	31.1298	0.035964036
-39.682	31.178	0.066468254
-39.68333333	31.18333333	0.035881435
-25.39	31.305	0.055387714
-11.62	31.383	0.0
-11.62	31.383	0.035087719
158.8	31.41666667	0.0
-25.2033	31.4217	0.017578125
-64.17	31.433	0.054780876
-64.17	31.433	0.051351351
-24.8233	31.4367	0.052683897
-25.0917	31.4767	0.048923679
-25.0383	31.5167	0.031746032
151.1	31.567	0.002222222
-75.35	31.65	0.075150301
-75.35	31.65	0.080872914
-37.85	31.65	0.045731707
-75.35	31.65	0.076923077
-75.4185	31.6742	0.049
-75.43	31.6898	0.065
-74.35	31.833	0.112789527
-74.35	31.8333	0.112
-74.35	31.8333	0.10982659
-74.35	31.83333333	0.112204724
157.32	31.9	0.0
140.433	31.983	0.0
-76.0792	32.0289	0.024
139.4166667	32.03333333	0.0
-24.725	32.1267	0.041015625
-24.725	32.127	0.045816733
154.6333333	32.13333333	0.00120919
-64.7	32.2	0.058495822
-10.445	32.2117	0.037924152
-64.72	32.217	0.06043956
157.667	32.233	0.0
-65.12	32.283	0.072100313
-65.11666667	32.28333333	0.072100313
134.15	32.3	0.0
159.2166667	32.31666667	0.001308901
159.25	32.33333333	0.001862197
-9.7833	32.3833	0.015984016
-9.795	32.3917	0.01497006
-9.8083	32.3983	0.008008008
-9.845	32.4133	0.03003003
-34.1	32.41666667	0.065162907
-34.093	32.417	0.071784646
-23.5267	32.4183	0.049760766
-9.865	32.4283	0.017034068
-9.9583	32.4467	0.011011011
-34.06666667	32.45	0.06300813
34.23	32.47	0.003030303
-76.3302	32.4852	0.009
-10.1133	32.4883	0.036
-69.5	32.6	0.060869565
-69.5	32.6	0.064171123
-24.3883	32.607	0.037475345
-52.3	32.65	0.028985507
-41.9	32.75	0.065065065
-41.9	32.75	0.066298343
-15.06	32.7633	0.008991009
-76.2863	32.7842	0.006
140.5666667	32.96666667	0.0
-76.3	32.9998	0.003992016
134.15	33.0	0.004436557
-14.59	33.0483	0.028855721
158.0	33.08333333	0.008230453
-23.9617	33.11	0.051485149
-9.83	33.19	0.044865404
139.0333333	33.2	0.0
-48.27	33.3	0.064205457
-48.27	33.3	0.063872255
158.0333333	33.31666667	0.0
-27.367	33.333	0.038135593
-9.1333	33.4417	0.0
137.9833333	33.46666667	0.0
-12.755	33.4717	0.032934132
-22.625	33.4883	0.023880597
-13.735	33.4917	0.025768087
-13.8733	33.4967	0.027750248
-13.22	33.4983	0.027805362
-22.6233	33.5017	0.058185404
-22.63	33.5033	0.029980658
-27.36666667	33.56666667	0.038054968
-9.4083	33.62	0.0
-118.803	33.633	0.0
-9.7283	33.8583	0.0
-12.79	33.9733	0.012745098
-177.8333333	33.98333333	0.004219409
-10.8283	34.1033	0.025768087
-13.3933	34.13	0.039761431
-16.85	34.18333333	0.035947712
-16.87	34.2	0.035856574
26.88	34.317	0.032868526
-15.6333	34.3967	0.0
-12.89	34.4267	0.017946162
20.13	34.45	0.0
23.417	34.5	0.001818182
-6.7583	34.56	0.035035035
159.1666667	34.58333333	0.0
-12.8933	34.605	0.026812314
-29.98333333	34.61666667	0.05027933
-29.9798	34.6198	0.0499002
-30.38333333	34.65	0.043076923
-61.45	34.66666667	0.080808081
-61.45	34.667	0.118483412
-29.5698	34.72	0.052894212
-57.25	34.75	0.146095718
-57.25	34.75	0.144303797
-8.8483	34.7567	0.033497537
-8.4033	34.795	0.025768087
-28.36666667	34.8	0.051779935
-10.2533	34.8	0.0
-28.358	34.805	0.027750248
-26.195	34.813	0.049652433
-28.78333333	34.81666667	0.042944785
-26.2	34.81666667	0.0575
-8.1267	34.86	0.03165183
-6.6333	34.8733	0.01996008
-6.6717	34.8917	0.008982036
-7.815	34.8917	0.038499506
-6.845	34.92	0.036310108
-6.925	34.9283	0.041832669
-21.66666667	34.95	0.054131054
-7.1183	34.96	0.005958292
-17.36666667	34.96666667	0.056179775
15.83	34.97	0.0
-7.3283	34.9783	0.01888668
-7.2833	34.9917	0.013930348
-24.31666667	35.0	0.03030303
-10.7317	35.0	0.010752688
-11.61666667	35.05	0.012861736
-12.61666667	35.18333333	0.023054755
-29.25	35.25	0.062874251
171.9	35.283	0.0
177.9	35.317	0.0
28.13	35.35	0.006006607
-28.92	35.4198	0.009
177.567	35.483	0.0
-2.67	35.49	0.005928854
-4.66	35.55	0.003333333
-43.9	35.56666667	0.078624079
-11.2483	35.605	0.015355086
-13.305	35.6817	0.01984127
-67.33333333	35.71666667	0.028953229
-67.3333	35.7167	0.033185841
-12.35	35.7283	0.018500487
-12.3567	35.7317	0.034825871
15.52	35.75	0.0
18.45	35.75	0.00470094
-69.0833	35.7667	0.05234657
-69.0833	35.7667	0.053159478
-68.9333	35.7833	0.052109181
-68.93333333	35.78333333	0.053789731
-17.595	35.788	0.025922233
-17.595	35.7883	0.032448378
-28.2198	35.7998	0.045231072
-2.89	35.82	0.009615385
13.03	35.85	0.078947368
-4.03	35.933	0.003092784
-11.1867	35.9383	0.018609207
-7.5668	35.95	0.0
-4.25	35.95	0.007246377
-0.67	35.967	0.0
-4.4	35.98	0.003333333
-4.71	36.01	0.009997001
-11.817	36.033	0.0
-2.12	36.11	0.006734007
-68.9167	36.1333	0.02994012
-68.9167	36.1333	0.029411765
-69.13333333	36.13333333	0.057017544
-68.91666667	36.13333333	0.026378897
-3.28	36.15	0.013333333
-69.15	36.15	0.056892779
-1.23	36.2	0.023333333
-69.4	36.21666667	0.058685446
-69.4	36.2167	0.059101655
-10.4917	36.2267	0.016666667
-2.15	36.283	0.003021148
-27.3798	36.3498	0.042
-1.9	36.43	0.0080008
178.6333333	36.43333333	0.0
-3.889	36.45	0.009933775
11.49	36.47	0.124113475
13.32	36.49	0.047619048
175.3833333	36.56666667	0.005081301
12.28	36.68	0.059585492
13.95	36.73	0.010416667
15.83	36.75	0.01060106
-21.017	36.8498	0.035
-26.5798	36.8698	0.033
17.95	36.9	0.0
-54.03333333	36.9	0.045317221
-74.61666667	37.01666667	0.002439024
7.35	37.05	0.180290145
0.37	37.05	0.0
5.26	37.08	0.067633817
-9.3298	37.0998	0.007
-33.13333333	37.21666667	0.068862275
-33.13	37.233	0.069
-18.8298	37.3198	0.020958084
-11.86	37.3467	0.017458778
-11.86	37.347	0.016080402
-11.09	37.42	0.013888889
11.55	37.46	0.057911582
-9.6	37.4643	0.01171875
4.02	37.5	0.0
-9.3317	37.5267	0.00999001
-9.2733	37.555	0.017017017
-9.415	37.575	0.007992008
0.5	37.58	0.079510703
-72.95	37.65	0.004366812
-72.95	37.65	0.003996004
-72.95	37.65	0.004524887
-74.15	37.68333333	0.002873563
163.0333333	37.68333333	0.0
8.6	37.73	0.137409928
8.48	37.83	0.0
-9.845	37.8433	0.019493177
-9.545	37.854	0.005976096
-12.2183	37.9317	0.015518914
4.1	37.98	0.362545018
11.78	38.0	0.003061224
-70.8	38.033	0.002
-70.8	38.03333333	0.0
17.18	38.06	0.011494253
170.0166667	38.1	0.0
1.35	38.1	0.003092784
170.0166667	38.1	0.003278689
11.23	38.17	0.007194245
-73.51666667	38.18333333	0.00625
18.03	38.2	0.002375297
11.25	38.23	0.0
-68.53	38.283	0.0
-68.53	38.283	0.0
-68.53333333	38.28333333	0.0
8.67	38.3	0.003089598
11.8	38.33	0.0
-12.5933	38.365	0.010784314
3.98	38.467	0.003092784
14.3	38.49	0.105590062
3.15	38.58	0.0
9.67	38.58	0.0
-12.535	38.585	0.010721248
10.78	38.64	0.056910569
-67.55	38.75	0.016483516
-67.55	38.75	0.016216216
-67.55	38.75	0.015984016
4.03	38.78	0.0
-57.13333333	38.91666667	0.016901408
-57.13	38.917	0.016620499
10.59	38.93	0.148247978
9.28	39.03	0.102739726
-12.5883	39.04	0.014925373
15.05	39.1	0.116438356
-42.65	39.1332	0.053571429
-42.65	39.13333333	0.054545455
-36.7	39.26666667	0.054373522
-36.7	39.267	0.053784861
-12.8517	39.3667	0.011892963
13.34	39.4	0.112903226
13.34	39.41	0.073089701
-13.55	39.58333333	0.008333333
-13.55	39.617	0.002849003
-20.15	39.717	0.012106538
-30.4233	39.9267	0.032934132
6.78	40.3	0.0
13.21	40.33	0.097087379
4.6	40.35	0.044030822
11.43	40.35	0.050847458
-32.0533	40.505	0.041958042
-26.0	40.55	0.021828104
-26.0	40.55	0.021912351
-30.9617	40.57	0.02997003
-64.6	40.76666667	0.00234192
-64.6	40.767	0.002034588
-64.6	40.767	0.002364066
-13.2333	40.7833	0.003960396
12.77	40.8	0.004132231
-13.133	40.883	0.027777778
-13.1333	40.8833	0.012732615
-13.1333	40.8833	0.041832669
-10.5798	40.9198	0.009920635
10.77	40.967	0.0
-10.47	40.97	0.002997003
-10.5298	40.97	0.007
-12.9667	41.05	0.030907278
-32.0733	41.13	0.023976024
5.13	41.35	0.152786099
17.971	41.505	0.00255102
-45.13333333	41.51666667	0.012962963
-45.13	41.517	0.012987013
-45.13	41.517	0.013
-25.72	41.533	0.026190476
9.77	41.533	0.0
-25.7	41.53333333	0.026066351
5.27	41.65	0.0
6.97	41.967	0.0
-32.7117	42.03	0.028
-42.1	42.16666667	0.013856813
-42.1	42.167	0.013
4.16	42.23	0.031847134
-60.48333333	42.26666667	0.003278689
-60.5	42.267	0.003154574
-60.5	42.267	0.003003003
-32.2633	42.3367	0.019
3.88	42.38	0.077429984
4.95	42.4	0.039589443
3.31	42.45	0.111922141
-54.9	42.46666667	0.0
-54.9	42.467	0.0
-54.9	42.467	0.0
3.48	42.48	0.06504065
-28.415	42.488	0.017017017
-9.5798	42.6198	0.006
-9.8298	42.68	0.003
-17.06666667	42.68333333	0.013368984
-20.0283	42.69	0.008866995
-17.07	42.7	0.012987013
-17.07	42.7	0.012858556
-43.21666667	42.73333333	0.017632242
-43.23	42.75	0.01758794
4.8	42.77	0.134042553
4.65	42.78	0.196899225
-54.33	42.783	0.002
-54.33333333	42.78333333	0.010309278
4.82	42.83	0.146341463
-25.15	42.85	0.020183486
4.83	42.85	0.203418803
5.1	42.93	0.173626374
5.06	42.98	0.16043956
-2.0198	43.5498	0.004
-14.68333333	43.78333333	0.00952381
-14.68	43.8	0.009345794
-4.5	43.83	0.0
-4.5	43.8333	0.0
-15.8	43.96666667	0.0
-24.53	44.017	0.015
-4.45	44.0667	0.0
-2.18	44.08	0.0
-39.86666667	44.15	0.013986014
-39.87	44.167	0.013986014
-14.9	44.18333333	0.004237288
-14.9	44.2	0.004
-3.45	44.3198	0.0
-30.267	44.3498	0.014
-30.267	44.3498	0.014403292
-2.97	44.38	0.008991009
-32.58	44.533	0.021
-32.58333333	44.53333333	0.021691974
-34.0217	44.7133	0.00999001
-4.2198	44.77	0.0
-39.4383	45.09	0.011
-7.9298	45.0998	0.0
-7.933	45.0998	0.0
-23.87	45.3	0.009320905
-23.86666667	45.3	0.009383378
-5.333	45.367	0.0
-5.3333	45.367	0.0
-5.333	45.367	0.0
-5.333	45.367	0.0
-5.0	45.5698	0.0
-3.95	45.75	0.0
-13.0817	45.875	0.0
-3.8333	45.9	0.031968032
-3.8333	45.9	0.0
-16.92	46.0	0.01001001
-45.05	46.0	0.002487562
-16.91666667	46.0	0.009661836
-16.92	46.0	0.009546539
-4.6998	46.02	0.003
-12.4717	46.0683	0.0
-4.5998	46.2668	0.0
-4.5998	46.27	0.0
-12.54	46.4217	0.002997003
-11.5033	46.5133	0.0
-13.2733	46.63	0.000996016
-13.2467	46.65	0.001
-8.967	46.6668	0.0
-8.9798	46.6698	0.002994012
-5.9698	46.77	0.0
-8.68	46.77	0.0
-8.0798	46.9198	0.003
-8.77	47.0498	0.0
-19.98333333	47.46666667	0.004555809
-8.567	47.4668	0.0
-19.98	47.467	0.005005005
-8.5698	47.47	0.0
-8.4798	47.63	0.0
-14.425	47.6633	0.003003003
-19.7133	47.775	0.0
-25.8967	48.0367	0.012012012
-15.92	48.2	0.008
-16.96666667	48.28333333	0.008097166
-16.97	48.3	0.007992008
-27.6967	48.445	0.008991009
-14.6767	48.71	0.008
-11.4733	48.835	0.002991027
-25.5	49.133	0.005994006
-25.5	49.133	0.004
-25.5	49.13333333	0.007707129
-25.5	49.13333333	0.004166667
-17.77	49.15	0.002985075
-22.27	49.45	0.003
-22.26666667	49.45	0.003442341
-14.6967	49.4883	0.002
-14.6933	49.715	0.0
-14.1317	49.745	0.002985075
-21.2333	49.7917	0.003996004
-14.0533	49.8367	0.0
-24.25	49.86666667	0.0
-24.25	49.867	0.0
-24.25	49.867	0.0
-13.86	50.09	0.0
-21.2	50.1217	0.0
-17.37	50.15	0.006
-13.3983	50.2983	0.0
-13.33	50.3083	0.004
-13.3773	50.327	0.001996008
-12.7055	50.3395	0.0
-13.385	50.3533	0.0
-12.719	50.367	0.001998002
-19.435	50.6733	0.000999001
-12.9445	50.796	0.001001001
-41.75	50.9332	0.011396011
-41.75	50.93333333	0.011544012
-13.0017	51.05	0.0
-12.945	51.0617	0.0
-12.9233	51.0668	0.0
-12.915	51.0867	0.0
-11.3133	51.2667	0.002
-13.6013	51.4495	0.003003003
-17.68	51.4798	0.0
-13.005	51.5817	0.001998002
-12.9883	51.6	0.0
-13.8657	51.6157	0.0
-12.9228	51.6292	0.0
-13.1305	51.762	0.0
-17.53333333	52.36666667	0.0
-17.53	52.367	0.0
-17.53	52.367	0.0
-16.671	52.431	0.0
-16.6567	52.4483	0.0
-22.1	52.55	0.0
-22.1	52.55	0.0
-21.93	52.567	0.0
-21.93	52.583	0.002079002
-21.93	52.583	0.002
-21.93333333	52.58333333	0.002074689
-15.16666667	52.66666667	0.001162791
-15.17	52.667	0.001
-30.343	52.765	0.002
-20.2883	53.5383	0.0
-21.3267	53.7033	0.0
-21.1	53.86666667	0.0
-21.1328	53.867	0.0
-16.83	54.25	0.0
-16.83333333	54.25	0.0
-18.1767	54.3067	0.005
-16.35	54.63	0.0
-12.7798	54.7	0.0
-18.385	54.8317	0.000999001
-15.38333333	54.96666667	0.0
-15.4	54.983	0.0
-15.4	54.983	0.0
-20.7333	55.1117	0.004
-20.35	55.1917	0.002
-18.73	55.4	0.001001001
-18.73333333	55.4	0.001191895
-14.683	55.483	0.0
-14.5833	55.5	0.0
-14.4798	55.5998	0.0
-24.08	56.067	0.0
-11.55	56.3198	0.0
-33.8817	56.4317	0.0
-25.64	57.675	0.0
-10.72	58.08	0.0
-12.05	58.63	0.003
-15.55	58.71666667	0.0
-15.57	58.733	0.0
-15.18	60.617	0.0
-0.066666667	63.46666667	0.003597122
-0.0667	63.4832	0.003584229
